1541045
1477994
1766345
217385
42066
1342417
62150
3868700
419152
916978
419380
429247
3895
107103
1635819
143058
3830114
168924
422212
897095
295261
421919
321397
31089
1101307
984151
80836
1301798
419525
19630
169164
1306534
77534
96501
393298
369679
391994
4057155
107052
85465
294881
3830128
13954
3830069
342325
42237
429726
359354
480143
1066569
64873
4069736
2201662
345434
1296766
2485915
369564
108014
342294
377165
220399
624629
1630947
106844
1816016
2588634
2588632
133128
92207
421747
2484320
433740
218554
2621166
294834
143989
460142
20010
130562
41471
3830032
433924
85646
292907
342336
295146
1700001
41686
30709
87507
1298211
480914
392884
62114
144880
106657
369673
88809
85599
4062993
1295755
342231
423671
692876
3830184
143844
41709
68460
424700
471420
2448313
420071
222490
1195398
377191
1082612
292717
423673
1301796
77246
42083
1766370
168524
392959
85899
41263
369682
430174
1343502
77128
909641
934019
1982528
3854950
775
692904
3826177
423409
342090
80662
1542708
1298205
65038
86162
358856
62627
1630957
3863169
2485260
415066
1642433
20934
217726
321822
217743
168060
2448314
743034
1586793
390866
126308
1066279
2668073
1291474
2588696
1300939
422381
321840
3830165
1301800
3827759
431424
295788
413235
1651705
358886
601577
2448315
220384
2114149
1298199
429168
86394
3578390
85587
41669
77310
3827762
76718
3825285
421064
41761
168979
355408
1815932
1507248
412450
16122
3855675
2167
3863186
168928
2450184
424689
43789
295190
2460025
3827757
97487
3868812
2485148
3830201
295296
4057141
89491
1079616
342263
41948
3830162
170862
423143
96619
430390
743023
4066585
217754
358060
353782
1831374
1290414
438760
3827748
1637606
1812547
835884
3855646
85676
89762
85637
107131
450448
96638
4069854
342218
294897
62526
371007
878573
294818
1766332
391721
1671942
3830130
3830167
390604
392036
1390246
292703
3578468
5131
369670
106875
443483
367789
1478078
77230
418273
85711
1064007
85741
2011449
414940
1838323
1672866
20424
1302304
427918
377246
13569
15292
770285
1301802
1295736
295091
42274
427258
295026
13767
168945
520702
471785
455538
65315
1390242
2465
1563726
13469
2668072
458835
2586622
419528
1311265
3865255
1296234
4059217
62221
97120
143023
665788
2464631
16262
376770
2031157
421442
393017
1637620
373045
669426
343215
1290408
126309
1193118
421018
421749
14431
420125
321614
367751
80506
675238
143067
294940
2485890
1301936
107017
13302
536162
62603
77331
343376
295191
3830068
855168
3855110
4248
1093268
4059227
1437563
16004
82710
423348
4057142
1410845
457982
355411
86230
3827774
512731
421340
222693
3848142
609368
67929
376790
1816173
170744
1635496
430433
1815954
3830206
653215
143808
904516
64869
377276
1291472
320849
42174
1066175
429101
2099196
217451
1649008
430048
2621094
326413
41660
15200
168912
107059
3831054
85331
438273
460693
217777
450770
2200733
294614
392956
390845
1563730
428238
1541043
3830109
1295300
78690
70761
368747
2484313
373101
3830034
438770
323172
39359
3848815
412956
2430154
416019
1291739
